[gd_scene load_steps=7 format=3 uid="uid://dq731ts5mb6ri"]

[ext_resource type="Texture2D" uid="uid://dsqk560p2xc7t" path="res://addons/kenney_prototype_textures/dark/texture_09.png" id="1_4epg7"]
[ext_resource type="PackedScene" uid="uid://vg0ts2oyhyr6" path="res://car.tscn" id="1_08lf0"]

[sub_resource type="Environment" id="Environment_4epg7"]

[sub_resource type="CameraAttributesPhysical" id="CameraAttributesPhysical_p5e3n"]

[sub_resource type="Compositor" id="Compositor_f7uto"]

[sub_resource type="ORMMaterial3D" id="ORMMaterial3D_p5e3n"]
albedo_texture = ExtResource("1_4epg7")

[node name="Node3D" type="Node3D"]

[node name="WorldEnvironment" type="WorldEnvironment" parent="."]
environment = SubResource("Environment_4epg7")
camera_attributes = SubResource("CameraAttributesPhysical_p5e3n")
compositor = SubResource("Compositor_f7uto")

[node name="DirectionalLight3D" type="DirectionalLight3D" parent="."]
transform = Transform3D(0.89381796, 0.15780567, 0.4197462, -0.44843003, 0.3145408, 0.8366449, 0, -0.936035, 0.351907, -12.151199, 7.562768, 7.985528)

[node name="CSGBox3D4" type="CSGBox3D" parent="."]
transform = Transform3D(0.50820476, 0.61247647, -0.60547686, 0.84830093, -0.47737816, 0.2291218, -0.14870949, -0.63006717, -0.7621697, -337.67462, 344.8079, 10.980438)
use_collision = true
size = Vector3(1000, 0.523, 1000)
material = SubResource("ORMMaterial3D_p5e3n")

[node name="CSGBox3D3" type="CSGBox3D" parent="."]
transform = Transform3D(0.5981951, 0.7718536, -0.21542019, 0.08962618, 0.20269278, 0.97513247, 0.796323, -0.6026267, 0.05207166, -240.90517, 169.35638, 0.05635643)
use_collision = true
size = Vector3(1000, 0.523, 1000)
material = SubResource("ORMMaterial3D_p5e3n")

[node name="CSGBox3D2" type="CSGBox3D" parent="."]
transform = Transform3D(0.56137586, 0.34743682, -0.7510958, 0, 0.9076017, 0.4198323, 0.82756096, -0.23568371, 0.5095057, -15.551117, 4.2952385, 0)
use_collision = true
size = Vector3(1000, 0.523, 1000)
material = SubResource("ORMMaterial3D_p5e3n")

[node name="CSGBox3D" type="CSGBox3D" parent="."]
transform = Transform3D(1, 0, 0, 0, 1, 0, 0, 0, 1, 0, -0.3184716, 0)
use_collision = true
size = Vector3(1000, 0.523, 1000)
material = SubResource("ORMMaterial3D_p5e3n")

[node name="Car" parent="." instance=ExtResource("1_08lf0")]
transform = Transform3D(1, 0, 0, 0, 1, 0, 0, 0, 1, 17.36932, 11.912558, 3.5528116)
gravForce = Vector3(0, -1.1, 0)
